千万,5,0.5556,0.1429,0.8333,0.5,0
儿童,5,0.1786,0.1515,0.8,0.5,0
永波,5,0.8333,0.3571,0.5,0.5,0
李永,5,0.2941,0.2632,0.75,0.5,0
这个,5,0.1471,0.0847,0.8333,0.5,0
慈善,5,1.0,0.4545,0.8,0.5,0
羽超,5,0.2778,0.1515,0.75,0.5,0
轨的,5,0.0244,0.0152,0.5,0.5,0
爱心,5,0.3333,0.1667,0.8333,0.5,0
转发,5,0.3846,0.1389,0.8,0.5,0
笑捐,5,0.0633,0.0439,0.5,0.5,0
你的,5,0.1389,0.0314,0.8333,0.5,0
没有,5,0.2632,0.0676,0.8333,0.5,0
房救,5,0.1667,0.125,0.5,0.5,0
法律,5,0.2273,0.2,0.8333,0.5,0
政局,5,0.7143,0.4167,0.5,0.5,0
在妻,5,0.25,0.1667,0.75,0.5,0
治疗,5,0.5,0.3846,0.8333,0.5,0
新闻,5,0.4167,0.3125,0.75,0.5,0
质疑,5,1.0,0.25,0.8,0.5,0
娱乐,5,1.0,0.625,0.8333,0.5,0
家人,5,0.2,0.0556,0.8,0.5,0
主角,5,0.2778,0.25,0.5,0.5,0
热点,5,0.4545,0.2083,0.75,0.5,0
神秘,5,0.3846,0.2632,0.75,0.5,0
部门,5,0.7143,0.1613,0.75,0.5,0
怀孕,5,0.7143,0.2273,0.8,0.5,0
关心,5,0.2941,0.1563,0.8333,0.5,0
揭秘,5,0.7143,0.3846,0.75,0.5,0
世界,5,1.0,0.625,0.8,0.5,0
贷女,5,0.0962,0.0376,0.5,0.5,0
致歉,5,0.3846,0.1389,0.8333,0.5,0
儿子,5,0.1786,0.0833,0.75,0.5,0
现身,5,0.5,0.2174,0.75,0.5,0
形象,5,0.8333,0.3333,0.75,0.5,0
伤害,5,0.7143,0.4545,0.8333,0.5,0
评论,5,0.3333,0.2273,0.8,0.5,0
失控,5,0.3125,0.2632,0.75,0.5,0
不会,5,0.0538,0.0407,0.8,0.5,0
疗费,6,0.8571,0.4286,0.6667,0.5,0
嫩模,6,0.8571,0.4615,0.8333,0.5,0
宗伟,6,1.0,0.7,0.5,0.5,0
真的,6,0.2069,0.0397,0.8571,0.5,0
离婚,6,0.6667,0.375,0.8333,0.5,1
给我,6,0.2609,0.1176,0.75,0.5,0
主动,6,0.3333,0.2308,0.8571,0.5,0
不要,6,0.0645,0.0513,0.8571,0.5,0
老婆,6,0.4286,0.4,0.8,0.5,0
日报,6,0.4615,0.3333,0.8,0.5,0
微博,6,0.5455,0.4,0.8,0.5,0
秘女,6,0.6,0.0667,0.6667,0.5,0
丹首,6,0.0219,0.0213,0.5,0.5,0
女方,6,0.0706,0.0645,0.75,0.5,0
后首,6,0.1364,0.1154,0.6667,0.5,0
后林,6,0.1364,0.0194,0.75,0.5,0
疑似,6,0.3158,0.3,0.8,0.5,0
丹为,6,0.0219,0.0196,0.5,0.5,0
广州,6,0.6,0.5,0.8333,0.5,0
有人,6,0.1186,0.0574,0.875,0.5,0
三套,6,0.24,0.1765,0.5,0.5,0
还是,6,0.1538,0.0536,0.8571,0.5,0
友圈,6,0.24,0.1935,0.5,0.5,0
从罗,6,0.5,0.0335,0.6667,0.5,0
发声,6,0.2222,0.1875,0.8571,0.5,0
不是,6,0.0645,0.0361,0.8333,0.5,0
校园,6,0.8571,0.75,0.8571,0.5,0
有三,6,0.1017,0.0759,0.8333,0.5,0
尔回,6,0.0645,0.048,0.5,0.5,0
代言,6,0.5455,0.3529,0.8333,0.5,0
李宗,6,0.4118,0.3889,0.8333,0.5,0
曝光,7,0.2414,0.2258,0.875,0.5,0
轨后,7,0.0341,0.0288,0.5,0.5,0
奥运,7,0.875,0.5833,0.875,0.5,0
知道,7,0.4667,0.1591,0.8571,0.5,0
谅林,7,0.5,0.0251,0.5,0.5,0
还有,7,0.1795,0.0761,0.875,0.5,0
曝出,7,0.2414,0.0282,0.5,0.5,0
公司,7,0.2963,0.2759,0.875,0.5,0
曝林,7,0.2414,0.0238,0.5,0.5,0
怎么,7,1.0,0.2258,0.8571,0.5,0
为什,7,0.1892,0.14,0.8571,0.5,0
谌龙,7,1.0,0.7778,0.875,0.5,1
轨对,7,0.0341,0.0313,0.5,0.5,0
对象,7,0.28,0.2188,0.5,0.5,0
民政,7,0.5385,0.5,0.8,0.5,0
这些,7,0.2059,0.1667,0.875,0.5,0
超级,7,0.3684,0.35,0.8571,0.5,0
朋友,7,1.0,0.3077,0.875,0.5,0
的女,7,0.0551,0.034,0.875,0.5,0
认出,8,0.4211,0.0338,0.5,0.5,0
一个,8,0.0667,0.0563,0.8333,0.5,0
生裸,8,0.2162,0.1039,0.6667,0.5,0
女主,8,0.0941,0.0833,0.8333,0.5,0
轨了,8,0.0439,0.0352,0.5,0.5,0
丹承,8,0.0292,0.0283,0.5,0.5,0
不能,8,0.086,0.0727,0.875,0.5,0
妻子,8,0.5714,0.186,0.8333,0.5,0
期出,8,0.4,0.0336,0.5,0.5,0
为何,8,0.2162,0.1667,0.8333,0.5,0
笑父,8,0.1013,0.0941,0.5,0.5,0
我们,9,0.2727,0.1915,0.875,0.5,0
媒体,9,0.6,0.375,0.8333,0.5,0
卖房,9,0.5,0.225,0.8571,0.5,0
中国,9,0.5,0.3103,0.8889,0.5,0
血病,9,0.6,0.3333,0.5,0.5,0
视频,9,0.8182,0.6,0.8333,0.5,0
背后,9,0.9,0.1957,0.8571,0.5,0
女大,9,0.1059,0.072,0.8,0.5,0
到底,10,0.4348,0.3333,0.9,0.5,0
白血,10,1.0,0.625,0.8333,0.5,0
男人,10,0.5556,0.1282,0.8571,0.5,0
救女,10,0.7143,0.1111,0.8333,0.5,0
真相,10,0.3448,0.2778,0.8889,0.5,0
套房,10,0.7143,0.2857,0.6667,0.5,0
轨女,10,0.0488,0.0356,0.5,0.5,0
炒作,11,1.0,0.6111,0.9,0.5,1
深圳,11,0.5789,0.55,0.8,0.5,0
小三,11,0.5,0.3333,0.8889,0.5,0
女生,11,0.1294,0.0982,0.8889,0.5,0
大学,11,0.2292,0.2,0.5,0.5,0
自己,12,0.5217,0.5,0.9091,0.5,0
募捐,12,0.9286,0.3171,0.9167,0.5,0
父亲,12,0.9231,0.6667,0.8,0.5,0
被曝,12,0.2264,0.169,0.8,0.5,0
女儿,12,0.1412,0.1176,0.8889,0.5,0
学生,12,0.7059,0.2791,0.6667,0.5,0
门后,12,0.4286,0.1967,0.6667,0.5,0
丹被,12,0.0438,0.038,0.5,0.5,0
轨事,13,0.0634,0.0448,0.5,0.5,0
网友,13,0.4333,0.3023,0.9231,0.5,0
原谅,14,0.6364,0.6087,0.9091,0.5,0
捐款,14,0.3846,0.2941,0.9,0.5,0
承认,14,0.875,0.6364,0.8571,0.5,0
雅淇,15,0.8824,0.8333,0.5,0.5,0
营销,15,0.9375,0.75,0.9231,0.5,0
孕期,15,0.8421,0.6667,0.8889,0.5,0
赵雅,16,1.0,0.8889,0.9167,0.5,0
什么,19,1.0,0.6129,0.9091,0.5,0
轨门,20,0.0976,0.0935,0.5,0.5,0
尔事,20,0.2151,0.117,0.5,0.5,0
道歉,22,0.6286,0.5366,0.9412,0.5,0
回应,25,0.6757,0.5319,0.9444,0.5,0
谢杏,29,0.8529,0.8286,0.9375,0.5,0
杏芳,29,1.0,0.9667,0.5,0.5,0
笑事,35,0.443,0.2465,0.5,0.5,0
裸贷,43,0.9362,0.7857,0.9583,0.5,1
一笑,78,0.6583,0.6529,0.5,0.5,0
罗一,78,0.4593,0.3692,0.975,0.5,0
事件,81,0.8351,0.7864,0.9231,0.5,1
罗尔,92,0.5349,0.5287,0.9778,0.5,1
丹出,126,0.4599,0.3369,0.5,0.5,0
出轨,186,0.9067,0.8987,0.9744,0.5,1
林丹,259,0.9926,0.9711,0.9888,0.5,1
怀孕期,4,0.8,0.2222,0.75,0.5,0
轨女方,4,0.4,0.3077,0.5,0.5,0
在妻子,4,0.8,0.4,0.75,0.5,0
治疗费,5,1.0,0.7143,0.8333,0.5,1
笑捐款,5,1.0,0.3125,0.5,0.5,0
出轨的,5,0.0245,0.0244,0.8333,0.5,0
李永波,5,1.0,0.8333,0.75,0.5,1
一笑捐,5,0.0633,0.0625,0.5,0.5,0
卖房救,5,0.5556,0.5,0.8,0.5,0
民政局,5,0.7143,0.625,0.6667,0.5,1
裸贷女,5,0.1136,0.1111,0.5,0.5,0
神秘女,5,1.0,0.7143,0.75,0.5,1
女主角,5,0.625,0.5556,0.8333,0.5,1
门后首,5,0.4167,0.3571,0.5,0.5,0
女生裸,5,0.4545,0.3333,0.8,0.5,0
房救女,5,1.0,0.4545,0.5,0.5,0
林丹为,6,0.0223,0.0222,0.6667,0.5,0
三套房,6,1.0,0.5455,0.5,0.5,1
林丹首,6,0.0223,0.0222,0.6667,0.5,0
有三套,6,1.0,0.8571,0.8333,0.5,0
李宗伟,6,1.0,0.875,0.8333,0.5,1
尔回应,6,1.0,0.2308,0.5,0.5,0
后林丹,6,1.0,0.0222,0.75,0.5,0
罗尔回,6,0.0652,0.0645,0.5,0.5,0
朋友圈,6,0.75,0.6667,0.8571,0.5,1
为什么,7,1.0,0.35,0.8571,0.5,0
被曝出,7,0.5833,0.5385,0.6667,0.5,0
出轨后,7,0.0343,0.0341,0.6667,0.5,0
曝出轨,7,1.0,0.0341,0.5,0.5,0
谅林丹,7,1.0,0.0259,0.5,0.5,0
轨对象,7,1.0,0.875,0.5,0.5,0
原谅林,7,0.5,0.4667,0.8333,0.5,0
出轨对,7,0.0343,0.0341,0.6667,0.5,0
曝林丹,7,1.0,0.0259,0.5,0.5,0
出轨了,8,0.0441,0.0439,0.8,0.5,0
孕期出,8,0.5,0.4706,0.8,0.5,0
丹承认,8,1.0,0.5333,0.5,0.5,0
期出轨,8,1.0,0.039,0.5,0.5,0
认出轨,8,1.0,0.039,0.5,0.5,0
丹被曝,8,0.6667,0.4706,0.5,0.5,0
笑父亲,8,1.0,0.6154,0.5,0.5,0
一笑父,8,0.1013,0.1,0.5,0.5,0
林丹承,8,0.0297,0.0296,0.75,0.5,0
生裸贷,8,1.0,0.1778,0.6667,0.5,0
承认出,8,0.5714,0.5333,0.5,0.5,0
女大学,9,1.0,0.75,0.8,0.5,0
白血病,9,0.9,0.8182,0.8,0.5,1
出轨女,10,0.049,0.0488,0.8,0.5,0
大学生,11,1.0,0.8462,0.5,0.5,1
轨门后,11,0.55,0.5,0.5,0.5,0
林丹被,12,0.0446,0.0444,0.8,0.5,0
轨事件,13,1.0,0.1585,0.5,0.5,0
出轨事,13,0.0637,0.0634,0.6667,0.5,0
赵雅淇,15,0.9375,0.8824,0.9091,0.5,1
罗尔事,20,0.2174,0.2151,0.9286,0.5,0
尔事件,20,1.0,0.2439,0.5,0.5,0
出轨门,20,0.098,0.0976,0.75,0.5,1
谢杏芳,29,1.0,0.9667,0.9375,0.5,1
笑事件,35,1.0,0.4268,0.5,0.5,0
一笑事,35,0.443,0.4375,0.5,0.5,0
罗一笑,78,1.0,0.9875,0.975,0.5,1
丹出轨,126,1.0,0.6146,0.5,0.5,0
林丹出,126,0.4684,0.4667,0.973,0.5,0
曝林丹出,4,0.5714,0.0308,0.5,0.5,0
出轨女方,4,0.4,0.3636,0.75,0.5,0
后林丹首,4,0.6667,0.4444,0.6667,0.5,0
卖房救女,5,1.0,0.8333,0.8,0.5,1
女生裸贷,5,1.0,0.5556,0.8,0.5,1
罗一笑捐,5,0.0633,0.0625,0.8,0.5,0
一笑捐款,5,1.0,0.8333,0.5,0.5,0
丹出轨后,5,0.0397,0.0388,0.5,0.5,0
丹被曝出,5,0.625,0.4545,0.5,0.5,0
轨门后首,5,0.4545,0.4167,0.5,0.5,0
罗尔回应,6,1.0,0.8571,0.5,0.5,1
有三套房,6,1.0,0.8571,0.8333,0.5,0
丹出轨对,6,0.0476,0.0469,0.5,0.5,0
丹出轨了,6,0.0476,0.0462,0.5,0.5,0
丹承认出,7,0.875,0.7,0.5,0.5,0
原谅林丹,7,1.0,0.875,0.8333,0.5,1
出轨对象,7,1.0,0.875,0.6667,0.5,0
丹出轨女,7,0.0556,0.0538,0.5,0.5,0
被曝出轨,7,1.0,0.875,0.6667,0.5,0
林丹承认,8,1.0,0.8889,0.75,0.5,0
丹出轨事,8,0.0635,0.0606,0.5,0.5,0
孕期出轨,8,1.0,0.8889,0.8,0.5,0
一笑父亲,8,1.0,0.8889,0.5,0.5,0
林丹被曝,8,0.6667,0.6154,0.8,0.5,0
罗一笑父,8,0.1013,0.1,0.8571,0.5,0
承认出轨,8,1.0,0.8889,0.5,0.5,0
女大学生,9,1.0,0.75,0.8,0.5,1
出轨门后,11,0.55,0.5238,0.6667,0.5,0
出轨事件,13,1.0,0.9286,0.6667,0.5,1
丹出轨门,16,0.127,0.1221,0.5,0.5,0
罗尔事件,20,1.0,0.9524,0.9286,0.5,1
一笑事件,35,1.0,0.9722,0.5,0.5,0
罗一笑事,35,0.443,0.4375,0.9412,0.5,0
林丹出轨,126,1.0,0.9921,0.973,0.5,1
曝林丹出轨,4,1.0,0.0315,0.5,0.5,0
丹被曝出轨,5,1.0,0.625,0.5,0.5,0
林丹出轨后,5,0.0397,0.0394,0.0,0.5,0
出轨门后首,5,0.4545,0.4167,0.6667,0.5,0
林丹被曝出,5,0.625,0.5556,0.75,0.5,0
罗一笑捐款,5,1.0,0.8333,0.8,0.5,0
林丹出轨了,6,0.0476,0.0472,0.5,0.5,0
林丹出轨对,6,0.0476,0.0472,0.75,0.5,0
丹出轨对象,6,1.0,0.75,0.5,0.5,0
林丹出轨女,7,0.0556,0.0551,0.6667,0.5,0
林丹承认出,7,0.875,0.7778,0.75,0.5,0
丹承认出轨,7,1.0,0.7778,0.5,0.5,0
罗一笑父亲,8,1.0,0.8889,0.8571,0.5,1
林丹出轨事,8,0.0635,0.063,0.8571,0.5,0
丹出轨门后,8,0.5,0.4,0.5,0.5,0
丹出轨事件,8,1.0,0.5714,0.5,0.5,0
林丹出轨门,16,0.127,0.126,0.8,0.5,0
罗一笑事件,35,1.0,0.9722,0.9412,0.5,1
丹出轨门后首,4,0.5,0.4,0.5,0.5,0
林丹被曝出轨,5,1.0,0.8333,0.75,0.5,1
林丹出轨对象,6,1.0,0.8571,0.75,0.5,1
林丹承认出轨,7,1.0,0.875,0.75,0.5,1
林丹出轨门后,8,0.5,0.4706,0.0,0.5,0
林丹出轨事件,8,1.0,0.8889,0.8571,0.5,1
林丹出轨门后首,4,0.5,0.4444,0.0,0.5,0
